1622913708 0 1 0 0 0
1622914793 0 2 0 0 0
1622914882 0 3 0 0 0
1622914890 0 4 0 0 0
1622914924 0 5 0 0 0
1622914962 0 6 0 0 0
1622915002 0 7 0 0 0
1622916859 0 8 0 0 0
1623527274 0 9 0 0 0
1624070469 0 10 0 0 0
1624146216 0 11 0 0 0
1624146363 1 11 0 0 0
1624146378 2 11 0 0 0
1624153417 2 12 0 0 0
1624153556 2 13 0 0 0
1624154037 3 13 0 0 0
1624155907 3 14 0 0 0
1624156787 3 15 0 0 0
1624223153 3 16 0 0 0
1624318683 4 16 0 0 0
1624405256 4 16 0 0 1
1624408886 5 16 0 0 1
1624654632 5 17 0 0 1
1624801037 5 18 0 0 1
1624814137 5 19 0 0 1
1624834881 5 19 1 0 1
1624834973 5 19 2 0 1
1624836642 6 19 2 0 1
1624838686 7 19 2 0 1
1624840101 8 19 2 0 1
1625524740 8 19 2 0 2
1625864738 8 20 2 0 2
1625879723 8 21 2 0 2
1625945671 8 22 2 0 2
1625963042 8 23 2 0 2
1626024023 8 24 2 0 2
1626025126 8 25 2 0 2
1626108666 9 25 2 0 2
1626113402 10 25 2 0 2
1626120373 10 26 2 0 2
1626127346 11 26 2 0 2
1626138158 12 26 2 0 2
1626196468 13 26 2 0 2
1626376278 14 26 2 0 2
1626377849 15 26 2 0 2
1626396110 15 27 2 0 2
1626398681 16 27 2 0 2
1626613894 16 28 2 0 2
1626633968 16 29 2 0 2
1626737231 16 30 2 0 2
1626903106 16 31 2 0 2
1626915912 16 32 2 0 2
1626916974 16 33 2 0 2
1627152742 16 34 2 0 2
1627161382 17 34 2 0 2
1627161611 18 34 2 0 2
1627162083 19 34 2 0 2
1627169200 20 34 2 0 2
1627259512 21 34 2 0 2
1627334424 21 34 3 0 2
1627335735 21 35 3 0 2
1627336166 21 36 3 0 2
1627336674 21 37 3 0 2
1627336737 21 38 3 0 2
1627425685 22 38 3 0 2
1627425689 23 38 3 0 2
1627429904 24 38 3 0 2
1627441217 24 39 3 0 2
1627505474 24 40 3 0 2
1627506373 24 40 4 0 2
1627507186 24 40 5 0 2
1627512543 24 41 5 0 2
1627514083 24 41 6 0 2
1627528673 24 42 6 0 2
1627606834 24 43 6 0 2
1627609010 24 44 6 0 2
1627677437 24 44 6 1 2
1627687927 24 44 7 1 2
1627690409 25 44 7 1 2
1627690845 26 44 7 1 2
1627691154 27 44 7 1 2
1627696453 28 44 7 1 2
1627771042 29 44 7 1 2
1627773343 29 44 7 2 2
1627773395 29 44 7 3 2
1627773442 29 44 7 4 2
1627774978 29 45 7 4 2
1627780263 29 46 7 4 2
1627780724 29 47 7 4 2
1627828359 29 48 7 4 2
1627837978 29 48 7 5 2
1627838314 29 48 7 6 2
1627840069 29 48 7 7 2
1627840635 29 48 8 7 2
1627841320 29 48 8 8 2
1627841441 29 48 8 9 2
1627841478 30 48 8 9 2
1627841494 31 48 8 9 2
1627842193 31 48 9 9 2
1627842895 32 48 9 9 2
1627843902 33 48 9 9 2
1627844940 34 48 9 9 2
1627848135 34 49 9 9 2
1627849042 34 50 9 9 2
1627852485 34 51 9 9 2
1627854927 34 51 10 9 2
1627856681 34 51 11 9 2
1627859091 34 51 12 9 2
1627866315 35 51 12 9 2
1627873397 36 51 12 9 2
1628351938 36 52 12 9 2
1628354425 36 53 12 9 2
1628373774 36 54 12 9 2
1628376130 36 55 12 9 2
1628476641 37 55 12 9 2
1628556020 37 55 13 9 2
1628556605 37 55 13 9 3
1628597925 38 55 13 9 3
1633301506 39 55 13 9 3
1633308374 40 55 13 9 3
1634242380 41 55 13 9 3
1634321076 42 55 13 9 3
1634322730 43 55 13 9 3
1634322744 44 55 13 9 3
1634324886 45 55 13 9 3
1634337994 46 55 13 9 3
1634341512 47 55 13 9 3
1634342058 48 55 13 9 3
1634342629 48 55 14 9 3
1634342677 48 56 14 9 3
1634343433 48 57 14 9 3
1634344329 48 57 15 9 3
1634344343 48 57 16 9 3
1634346619 48 57 17 9 3
1634346679 48 57 18 9 3
1634346801 48 57 19 9 3
1634346905 48 57 20 9 3
1634407854 48 58 20 9 3
1634414756 49 58 20 9 3
1634414786 50 58 20 9 3
1634422439 51 58 20 9 3
1634422725 51 59 20 9 3
1634422891 51 60 20 9 3
1634426241 52 60 20 9 3
1634426381 52 60 21 9 3
1634493070 52 61 21 9 3
1634493116 52 62 21 9 3
1634522114 52 63 21 9 3
1634646872 53 63 21 9 3
1634651364 54 63 21 9 3
1634655191 55 63 21 9 3
1634686905 56 63 21 9 3
1634689152 56 64 21 9 3
1634689579 57 64 21 9 3
1634689588 58 64 21 9 3
1634690446 58 64 22 9 3
1634755302 59 64 22 9 3
1634758212 60 64 22 9 3
1635040173 60 65 22 9 3
1635126390 60 66 22 9 3
1635177148 61 66 22 9 3
1635185036 62 66 22 9 3
1635186769 63 66 22 9 3
1635200982 64 66 22 9 3
1635288719 65 66 22 9 3
1635295493 65 66 23 9 3
1635295751 66 66 23 9 3
1635295766 67 66 23 9 3
1635296135 67 66 24 9 3
1635296150 67 66 25 9 3
1635296204 67 66 26 9 3
1635296232 68 66 26 9 3
1635296309 69 66 26 9 3
1635296325 70 66 26 9 3
1635296351 70 66 27 9 3
1635299043 71 66 27 9 3
1635362146 72 66 27 9 3
1635363904 72 66 28 9 3
1635465097 72 66 29 9 3
1635465260 73 66 29 9 3
1635534416 73 66 30 9 3
1635534531 73 66 31 9 3
1635534685 73 66 32 9 3
1635542513 74 66 32 9 3
1635542615 75 66 32 9 3
1635542629 76 66 32 9 3
1635543516 76 66 33 9 3
1635543548 76 66 34 9 3
1635856428 76 67 34 9 3
1635856918 76 68 34 9 3
1635889598 76 68 35 9 3
1635889710 76 68 36 9 3
1635890092 76 68 37 9 3
1635890144 76 68 38 9 3
1635892827 77 68 38 9 3
1635892997 78 68 38 9 3
1635893009 79 68 38 9 3
1635896109 80 68 38 9 3
1635896123 81 68 38 9 3
1635905401 81 69 38 9 3
1635905660 81 70 38 9 3
1636068447 81 70 38 9 4
1636070147 81 70 38 9 5
1636078011 81 71 38 9 5
1636078076 81 72 38 9 5
