1622913708 1 0 0 0 0
1622914793 11016 0 0 0 0
1622914882 11016 0 0 0 0
1622914890 11016 0 0 0 0
1622914924 11016 0 0 0 0
1622914962 11016 0 0 0 0
1622915002 22031 0 0 0 0
1622916859 22031 0 0 0 0
1623527274 740013 0 0 0 0
1624070469 1639512 0 0 0 0
1624146216 1639513 0 0 0 0
1624146363 1639513 0 0 0 0
1624146378 1639513 0 0 0 0
1624153417 1639513 0 0 0 0
1624153556 1639513 0 0 0 0
1624154037 1639513 31 0 0 0
1624155907 1639514 31 0 0 0
1624156787 1639514 31 0 0 0
1624223153 1639546 31 0 0 0
1624318683 1639546 436 0 0 0
1624405256 1639546 436 0 0 16
1624408886 1639546 634 0 0 16
1624654632 1643763 634 0 0 16
1624801037 1856569 634 0 0 16
1624814137 1856569 634 0 0 16
1624834881 1856569 634 464 0 16
1624834973 1856569 634 464 0 16
1624836642 1856569 669 464 0 16
1624838686 1856569 1002 464 0 16
1624840101 1856569 1005 464 0 16
1625524740 1856569 1005 464 0 40
1625864738 1856816 1005 464 0 40
1625879723 1856939 1005 464 0 40
1625945671 1857099 1005 464 0 40
1625963042 1857118 1005 464 0 40
1626024023 1857120 1005 464 0 40
1626025126 1857130 1005 464 0 40
1626108666 1857130 1138 464 0 40
1626113402 1857130 1326 464 0 40
1626120373 1857131 1326 464 0 40
1626127346 1857131 1573 464 0 40
1626138158 1857131 1573 464 0 40
1626196468 1857131 1788 464 0 40
1626376278 1857131 2705 464 0 40
1626377849 1857131 2748 464 0 40
1626396110 1857436 2748 464 0 40
1626398681 1857436 2754 464 0 40
1626613894 1857440 2754 464 0 40
1626633968 1857531 2754 464 0 40
1626737231 1857622 2754 464 0 40
1626903106 1857742 2754 464 0 40
1626915912 1857936 2754 464 0 40
1626916974 1857936 2754 464 0 40
1627152742 1857947 2754 464 0 40
1627161382 1857947 3458 464 0 40
1627161611 1857947 3458 464 0 40
1627162083 1857947 3460 464 0 40
1627169200 1857947 3632 464 0 40
1627259512 1857947 3634 464 0 40
1627334424 1857947 3634 468 0 40
1627335735 1857947 3634 468 0 40
1627336166 1858829 3634 468 0 40
1627336674 1858829 3634 468 0 40
1627336737 1858829 3634 468 0 40
1627425685 1858829 3670 468 0 40
1627425689 1858829 3670 468 0 40
1627429904 1858829 3677 468 0 40
1627441217 1858829 3677 468 0 40
1627505474 1858829 3677 468 0 40
1627506373 1858829 3677 742 0 40
1627507186 1858829 3677 742 0 40
1627512543 1858885 3677 742 0 40
1627514083 1858885 3677 1194 0 40
1627528673 1858980 3677 1194 0 40
1627606834 1859001 3677 1194 0 40
1627609010 1859010 3677 1194 0 40
1627677437 1859010 3677 1194 36 40
1627687927 1859010 3677 1287 36 40
1627690409 1859010 3807 1287 36 40
1627690845 1859010 3809 1287 36 40
1627691154 1859010 3810 1287 36 40
1627696453 1859010 3948 1287 36 40
1627771042 1859010 4101 1287 36 40
1627773343 1859010 4101 1287 123 40
1627773395 1859010 4101 1287 153 40
1627773442 1859010 4101 1287 153 40
1627774978 1859013 4101 1287 153 40
1627780263 1859077 4101 1287 153 40
1627780724 1859077 4101 1287 153 40
1627828359 1859087 4101 1287 153 40
1627837978 1859087 4101 1287 278 40
1627838314 1859087 4101 1287 278 40
1627840069 1859087 4101 1287 279 40
1627840635 1859087 4101 1563 279 40
1627841320 1859087 4101 1563 309 40
1627841441 1859087 4101 1563 309 40
1627841478 1859087 4106 1563 309 40
1627841494 1859087 4106 1563 309 40
1627842193 1859087 4106 1567 309 40
1627842895 1859087 4123 1567 309 40
1627843902 1859087 4125 1567 309 40
1627844940 1859087 4159 1567 309 40
1627848135 1859090 4159 1567 309 40
1627849042 1859124 4159 1567 309 40
1627852485 1859278 4159 1567 309 40
1627854927 1859278 4159 1658 309 40
1627856681 1859278 4159 1754 309 40
1627859091 1859278 4159 1763 309 40
1627866315 1859278 4160 1763 309 40
1627873397 1859278 4164 1763 309 40
1628351938 1859376 4164 1763 309 40
1628354425 1859380 4164 1763 309 40
1628373774 1859562 4164 1763 309 40
1628376130 1859563 4164 1763 309 40
1628476641 1859563 4166 1763 309 40
1628556020 1859563 4166 1961 309 40
1628556605 1859563 4166 1961 309 117
1628597925 1859563 4170 1961 309 117
1633301506 1859563 4358 1961 309 117
1633308374 1859563 4493 1961 309 117
1634242380 1859563 4554 1961 309 117
1634321076 1859563 4864 1961 309 117
1634322730 1859563 4871 1961 309 117
1634322744 1859563 4876 1961 309 117
1634324886 1859563 4887 1961 309 117
1634337994 1859563 4904 1961 309 117
1634341512 1859563 4906 1961 309 117
1634342058 1859563 4906 1961 309 117
1634342629 1859563 4906 3187 309 117
1634342677 1859752 4906 3187 309 117
1634343433 1859752 4906 3187 309 117
1634344329 1859752 4906 3187 309 117
1634344343 1859752 4906 3187 309 117
1634346619 1859752 4906 3188 309 117
1634346679 1859752 4906 3188 309 117
1634346801 1859752 4906 3188 309 117
1634346905 1859752 4906 3188 309 117
1634407854 1859752 4906 3188 309 117
1634414756 1859752 4921 3188 309 117
1634414786 1859752 4921 3188 309 117
1634422439 1859752 4945 3188 309 117
1634422725 1859790 4945 3188 309 117
1634422891 1859790 4945 3188 309 117
1634426241 1859790 4963 3188 309 117
1634426381 1859790 4963 3587 309 117
1634493070 1859794 4963 3587 309 117
1634493116 1859794 4963 3587 309 117
1634522114 1859895 4963 3587 309 117
1634646872 1859895 4963 3587 309 117
1634651364 1859895 5069 3587 309 117
1634655191 1859895 5456 3587 309 117
1634686905 1859895 5457 3587 309 117
1634689152 1859898 5457 3587 309 117
1634689579 1859898 5457 3587 309 117
1634689588 1859898 5457 3587 309 117
1634690446 1859898 5457 3587 309 117
1634755302 1859898 5594 3587 309 117
1634758212 1859898 5696 3587 309 117
1635040173 1860119 5696 3587 309 117
1635126390 1860601 5696 3587 309 117
1635177148 1860601 5952 3587 309 117
1635185036 1860601 6020 3587 309 117
1635186769 1860601 6066 3587 309 117
1635200982 1860601 6209 3587 309 117
1635288719 1860601 6222 3587 309 117
1635295493 1860601 6222 4767 309 117
1635295751 1860601 6222 4767 309 117
1635295766 1860601 6222 4767 309 117
1635296135 1860601 6222 4767 309 117
1635296150 1860601 6222 4767 309 117
1635296204 1860601 6222 4767 309 117
1635296232 1860601 6222 4767 309 117
1635296309 1860601 6222 4767 309 117
1635296325 1860601 6222 4767 309 117
1635296351 1860601 6222 4767 309 117
1635299043 1860601 6225 4767 309 117
1635362146 1860601 6230 4767 309 117
1635363904 1860601 6230 4767 309 117
1635465097 1860601 6230 5216 309 117
1635465260 1860601 6390 5216 309 117
1635534416 1860601 6390 5218 309 117
1635534531 1860601 6390 5218 309 117
1635534685 1860601 6390 5218 309 117
1635542513 1860601 6390 5218 309 117
1635542615 1860601 6390 5218 309 117
1635542629 1860601 6390 5218 309 117
1635543516 1860601 6390 5239 309 117
1635543548 1860601 6390 5239 309 117
1635856428 1860997 6390 5239 309 117
1635856918 1860999 6390 5239 309 117
1635889598 1860999 6390 5301 309 117
1635889710 1860999 6390 5301 309 117
1635890092 1860999 6390 5316 309 117
1635890144 1860999 6390 5323 309 117
1635892827 1860999 6426 5323 309 117
1635892997 1860999 6426 5323 309 117
1635893009 1860999 6426 5323 309 117
1635896109 1860999 6449 5323 309 117
1635896123 1860999 6449 5323 309 117
1635905401 1861074 6449 5323 309 117
1635905660 1861074 6449 5323 309 117
1635963244 1861074 6449 5341 309 117
1635963265 1861074 6449 5341 309 117
1636068447 1861074 6449 5341 309 117
1636070147 1861074 6449 5341 309 118
1636078011 1861259 6449 5341 309 118
1636078076 1861259 6449 5341 309 118
1636229492 1861259 6449 5390 309 118
1636671540 1861469 6449 5390 309 118
1636671814 1861469 6449 5390 309 118
1636675812 1861482 6449 5390 309 118
1636675861 1861482 6449 5390 309 118
1636743158 1861482 6449 5568 309 118
1636746839 1861482 6449 5596 309 118
1636747271 1861482 6449 5596 309 118
1636747320 1861482 6449 5596 309 118
1636754708 1861485 6449 5596 309 118
1636754919 1861485 6449 5596 309 118
1636824602 1861619 6449 5596 309 118
1636826151 1861662 6449 5596 309 118
1636833500 1861670 6449 5596 309 118
1636834964 1861670 6449 5598 309 118
1636834971 1861670 6449 5598 309 118
1636835062 1861670 6449 5598 309 118
1636835150 1861670 6449 5598 309 118
1636851372 1861722 6449 5598 309 118
1636851443 1861722 6449 5598 309 118
1636853111 1861722 6521 5598 309 118
1636853165 1861722 6521 5598 309 118
1636854455 1861724 6521 5598 309 118
1636854529 1861724 6521 5598 309 118
1637199853 1861724 6521 5598 309 1961
