1622913708 1
1622914793 11016
1622914882 11016
1622914890 181
1622914924 174
1622914962 1
1622915002 11016
1622916859 11016
1623527274 728998
1624070469 1628497
1624146216 1628498
1624153417 1628498
1624153556 841024
1624155907 841025
1624156787 841044
1624223153 841069
1624318683 841467
1624405256 841482
1624408886 841361
1624654632 845564
1624801037 1058107
1624834881 1058525
1624834973 1058525
1624836642 1058514
1624838686 1058343
1624840101 1058319
1625524740 1058340
1625864738 1058544
1625879723 1058641
1625945671 1058776
1625963042 1058783
1626024023 1058783
1626025126 1058793
1626108666 1058924
1626113402 1059069
1626120373 1059069
1626127346 1059253
1626138158 1059253
1626196468 1059454
1626376278 1060072
1626377849 1060108
1626396110 1060385
1626398681 1060389
1626613894 1060388
1626633968 1060463
1626737231 1060551
1626903106 1060669
1626915912 1060719
1626916974 1060719
1627161382 1061365
1627161611 1061375
1627162083 1061368
1627169200 1061448
1627259512 1061448
1627425685 1061474
1627425689 1061476
1627429904 1061476
1627506373 1061640
1627507186 1061640
1627512543 1061672
1627514083 1062062
1627528673 1062153
1627606834 1062166
1627609010 1062168
1627677437 1062194
1627687927 1062252
1627690409 1062368
1627690845 1062012
1627691154 1062007
1627696453 1061847
1627773343 1061933
1627773395 1061962
1627773442 1062033
1627837978 1062151
1627838314 1062160
1627840069 1062160
1627840635 1062280
1627841478 1062275
1627841494 1062288
1627842193 1062290
1627842895 1062301
1627843902 1062301
1627844940 1062329
1627848135 1062323
1627849042 1062307
1627852485 1062449
1627854927 1062537
1627856681 1062580
1627859091 1062581
1627866315 1062554
1627873397 1062555
1628351938 1062649
1628354425 1062649
1628373774 1062811
1628376130 1062811
1628476641 1062752
1628556020 1062790
1628556605 1062866
1628597925 1062820
1634342058 1062805
1634343433 1062981
1634344343 1064209
1634346905 1064209
1634407854 1064209
1634422725 1064221
1634422891 1064208
1634493070 1064208
1634493116 1064218
1634522114 1064312
1634689152 1064313
1634689588 1064668
1634690446 1065063
1635040173 1065261
1635126390 1065715
1635295766 1066080
1635296150 1067175
1635534531 1067534
1635534685 1067534
1635542513 1067677
1635543548 1067688
1635856428 1068041
1635856918 1068041
1635889710 1068083
1635890092 1068097
1635890144 1068099
1635893009 1068112
1635896123 1068114
1635905660 1068139
1636068447 1068139
1636070147 1068140
1636078076 1068302
1636671814 1068491
1636675861 1068495
1636747320 1068701
1636754919 1068693
1636824602 1068825
1636826151 1068864
1636833500 1068866
1636835150 1068864
1636851443 1068911
1636853165 1068430
1636854529 1068431
1637199853 1070064
